0 0.169458 0.403421 0.114387 0.535171
0 0.300943 0.349372 0.080189 0.412897
0 0.344575 0.312158 0.044811 0.260497
0 0.375236 0.310386 0.035377 0.249865
0 0.480778 0.348486 0.076651 0.283534
0 0.446580 0.272286 0.041274 0.131135
0 0.514976 0.308614 0.031840 0.193158
0 0.563325 0.310386 0.041274 0.175437
0 0.933608 0.309500 0.055425 0.173665
0 0.871698 0.307728 0.035377 0.177209
0 0.839858 0.311272 0.047170 0.194930
0 0.803302 0.321905 0.042453 0.180753
0 0.747877 0.313045 0.042453 0.241004
0 0.721344 0.315703 0.043632 0.207335
0 0.665330 0.340512 0.058962 0.260497