0 0.964269 0.676390 0.067217 0.371028
0 0.902948 0.617594 0.053066 0.241269
0 0.833962 0.602387 0.051887 0.275737
0 0.795047 0.614552 0.051887 0.287901
0 0.729599 0.651047 0.076651 0.340616
0 0.657665 0.622662 0.053066 0.235187
0 0.618160 0.584140 0.037736 0.198692
0 0.586321 0.584140 0.037736 0.170308
0 0.549175 0.593264 0.041274 0.216940
0 0.491391 0.598333 0.055425 0.218967
0 0.435967 0.604415 0.050708 0.218967
0 0.378774 0.639896 0.080189 0.289929
0 0.305071 0.605429 0.055425 0.237214
0 0.194811 0.630772 0.058962 0.247352
0 0.117571 0.658143 0.086085 0.395357
0 0.044458 0.614552 0.043632 0.190583