0 0.948231 0.632021 0.103538 0.467832
0 0.076297 0.168619 0.079009 0.239232
0 0.303302 0.162417 0.058962 0.106325
0 0.155896 0.223554 0.056604 0.143539
0 0.034434 0.515949 0.068396 0.430618
0 0.637028 0.078243 0.047170 0.086832
0 0.968396 0.303298 0.061321 0.178981
0 0.969458 0.153556 0.061084 0.113414
0 0.890566 0.195201 0.068396 0.193158
0 0.910613 0.090647 0.054245 0.054935
0 0.838090 0.206719 0.064858 0.127590
0 0.129953 0.583288 0.094340 0.522767
0 0.212500 0.170391 0.056604 0.132907
0 0.262028 0.462786 0.103774 0.497957
0 0.341038 0.538986 0.094340 0.483781
0 0.481958 0.266084 0.055425 0.154172
0 0.619929 0.296210 0.067217 0.175437
0 0.431250 0.611642 0.123821 0.572385
0 0.550354 0.492026 0.093160 0.482008
0 0.753184 0.195201 0.097877 0.246320
0 0.658844 0.570884 0.081368 0.441250
0 0.732547 0.550505 0.070755 0.404036
0 0.822759 0.639109 0.116745 0.492641