0 0.665330 0.804835 0.207547 0.390330
0 0.898231 0.338443 0.036557 0.400943
0 0.846934 0.332547 0.080189 0.455189
0 0.609316 0.352594 0.041274 0.278302
0 0.489623 0.272406 0.054245 0.273585
0 0.560967 0.299528 0.038915 0.271226
0 0.530896 0.291274 0.023585 0.316038
0 0.401179 0.265330 0.037736 0.198113
0 0.362264 0.267689 0.035377 0.268868
0 0.312146 0.275943 0.055425 0.275943
0 0.217807 0.273585 0.045991 0.252358
0 0.157075 0.385613 0.106132 0.646226
0 0.062146 0.346698 0.048349 0.242925
0 0.018514 0.265330 0.036557 0.325472
0 0.083962 0.244104 0.040094 0.165094