0 0.976533 0.531124 0.046934 0.295237
0 0.911792 0.599598 0.091981 0.364599
0 0.823939 0.550688 0.088443 0.334364
0 0.721344 0.598709 0.097877 0.423291
0 0.654127 0.533792 0.053066 0.297015
0 0.595755 0.458204 0.054245 0.181410
0 0.552123 0.460872 0.044811 0.129833
0 0.518514 0.713985 0.133255 0.572030
0 0.427123 0.568474 0.056604 0.337921
0 0.384670 0.473322 0.047170 0.211646
0 0.334552 0.499111 0.074292 0.298794
0 0.274410 0.582702 0.076651 0.352150
0 0.197170 0.526678 0.066038 0.265002
0 0.115802 0.591594 0.108491 0.487318
0 0.025000 0.559581 0.049528 0.394835