0 0.668921 0.826235 0.183414 0.323680
0 0.951499 0.672061 0.097002 0.424191
0 0.127656 0.813458 0.170588 0.349233
0 0.307223 0.714651 0.129544 0.437819
0 0.370712 0.598807 0.084653 0.410562
0 0.122526 0.541738 0.126979 0.211244
0 0.028254 0.459966 0.056435 0.265758
0 0.756780 0.569847 0.082087 0.277683
0 0.864520 0.460818 0.056435 0.274276
0 0.931216 0.353492 0.061566 0.185690
0 0.752932 0.371380 0.064131 0.149915
0 0.683671 0.497445 0.079522 0.299830
0 0.569518 0.460818 0.059000 0.294719
0 0.480376 0.454855 0.065413 0.279387
0 0.507952 0.372232 0.041044 0.144804
0 0.374560 0.365417 0.048739 0.114140
0 0.244375 0.437819 0.060283 0.207836
0 0.198842 0.376491 0.053870 0.221465
0 0.134711 0.349233 0.069261 0.183986
0 0.646475 0.280239 0.056435 0.127768
0 0.572083 0.239353 0.051305 0.117547
0 0.693932 0.273424 0.053870 0.144804
0 0.407908 0.316865 0.056435 0.183986
0 0.314277 0.324532 0.053870 0.148211
0 0.470756 0.176320 0.041044 0.107325
0 0.761269 0.251278 0.042326 0.093697
0 0.816421 0.306644 0.052587 0.218058