0 0.960141 0.458356 0.075472 0.446567
0 0.904127 0.406079 0.060142 0.434162
0 0.836321 0.408737 0.087264 0.407581
0 0.774410 0.423800 0.064858 0.370367
0 0.718986 0.594807 0.100236 0.513906
0 0.636439 0.592149 0.102594 0.522767
0 0.602241 0.276717 0.069575 0.125818
0 0.516156 0.430002 0.100236 0.492641
0 0.414151 0.580630 0.087264 0.428846
0 0.404127 0.303298 0.081368 0.168349
0 0.316863 0.549619 0.093160 0.533399
0 0.273821 0.341398 0.075472 0.241004
0 0.192453 0.455698 0.087264 0.455427
0 0.109316 0.484937 0.083726 0.542260