0 0.144104 0.665726 0.044811 0.289795
0 0.084552 0.663009 0.081368 0.306096
0 0.627594 0.929258 0.087264 0.139464
0 0.727830 0.890317 0.084906 0.166632
0 0.938915 0.895751 0.110849 0.148520
0 0.828066 0.878544 0.075472 0.150331
0 0.788561 0.738175 0.055425 0.126785
0 0.602241 0.778927 0.071934 0.150331
0 0.509670 0.852282 0.077830 0.217346
0 0.438915 0.681122 0.056604 0.128596
0 0.473113 0.752665 0.066038 0.115918
0 0.544458 0.680216 0.038915 0.105051
0 0.509080 0.653953 0.038915 0.106862
0 0.680071 0.699234 0.079009 0.164821
0 0.919458 0.774399 0.071934 0.134030
0 0.857547 0.738175 0.054245 0.163009