0 0.963561 0.812711 0.072877 0.277965
0 0.900590 0.851668 0.057783 0.271648
0 0.124646 0.916884 0.069575 0.166231
0 0.325118 0.905302 0.067217 0.189395
0 0.499057 0.792706 0.058962 0.334821
0 0.550943 0.845350 0.058962 0.275859
0 0.637028 0.857985 0.084906 0.271648
0 0.799175 0.856932 0.062500 0.265330
0 0.711321 0.824292 0.054245 0.296917
0 0.379363 0.853774 0.081368 0.280071
0 0.243160 0.792706 0.061321 0.368514
0 0.039151 0.685310 0.042453 0.221108
0 0.110495 0.763224 0.064858 0.212685
0 0.295047 0.799023 0.054245 0.183204
0 0.687146 0.513688 0.034198 0.244272
0 0.572759 0.473678 0.041274 0.214791
0 0.124646 0.503159 0.053066 0.223214
0 0.225472 0.482101 0.040094 0.193733
0 0.766745 0.497894 0.042453 0.204262
0 0.329245 0.325219 0.028302 0.128454
0 0.246698 0.256781 0.025943 0.117925
0 0.374057 0.290473 0.037736 0.101078
0 0.503184 0.451567 0.027123 0.149511