0 0.920047 0.677172 0.070755 0.181452
0 0.819811 0.675460 0.061321 0.201993
0 0.706604 0.709696 0.068396 0.342362
0 0.625236 0.672893 0.061321 0.196858
0 0.540920 0.690867 0.088443 0.314973
0 0.408844 0.693434 0.083726 0.309837
0 0.480189 0.677172 0.044811 0.188299
0 0.380542 0.651495 0.024764 0.157486
0 0.349882 0.660054 0.029481 0.174604
0 0.287972 0.677172 0.051887 0.260195
0 0.318042 0.600141 0.027123 0.089014
0 0.153538 0.649783 0.030660 0.225959
0 0.077476 0.668613 0.041274 0.219111
0 0.040330 0.666045 0.025943 0.183163
0 0.248467 0.667757 0.034198 0.155774